2.100000000000000000e+01 2.062500000000000000e+00 0.000000000000000000e+00
2.100000000000000000e+01 3.987499999999999822e+00 0.000000000000000000e+00
2.100000000000000000e+01 6.049999999999999822e+00 0.000000000000000000e+00
2.100000000000000000e+01 7.974999999999999645e+00 8.892771126442716723e-01
2.100000000000000000e+01 1.003749999999999964e+01 9.237241112807599297e-01
2.100000000000000000e+01 1.196250000000000036e+01 9.742317190654391501e-01
2.100000000000000000e+01 1.402500000000000036e+01 9.801118927228973376e-01
2.100000000000000000e+01 1.594999999999999929e+01 9.909122883431306095e-01
2.100000000000000000e+01 1.801249999999999929e+01 9.952711104386346985e-01
2.100000000000000000e+01 1.993750000000000000e+01 1.000000000000000000e+00
2.100000000000000000e+01 2.200000000000000000e+01 9.736634288689416383e-01
1.798124999999999929e+01 2.062500000000000000e+00 0.000000000000000000e+00
1.496250000000000036e+01 2.062500000000000000e+00 0.000000000000000000e+00
1.194374999999999964e+01 2.062500000000000000e+00 0.000000000000000000e+00
9.056250000000000355e+00 2.062500000000000000e+00 0.000000000000000000e+00
1.798124999999999929e+01 3.987499999999999822e+00 0.000000000000000000e+00
1.798124999999999929e+01 6.049999999999999822e+00 0.000000000000000000e+00
1.798124999999999929e+01 7.974999999999999645e+00 8.551724460553751239e-01
1.798124999999999929e+01 1.003749999999999964e+01 9.222411882396153171e-01
1.496250000000000036e+01 3.987499999999999822e+00 0.000000000000000000e+00
1.496250000000000036e+01 6.049999999999999822e+00 0.000000000000000000e+00
1.496250000000000036e+01 7.974999999999999645e+00 6.744511034838832630e-01
1.496250000000000036e+01 1.003749999999999964e+01 8.107387197949879054e-01
1.194374999999999964e+01 3.987499999999999822e+00 0.000000000000000000e+00
1.194374999999999964e+01 6.049999999999999822e+00 0.000000000000000000e+00
1.194374999999999964e+01 7.974999999999999645e+00 6.744511034838832630e-01
1.194374999999999964e+01 1.003749999999999964e+01 8.618229429134128816e-01
9.056250000000000355e+00 3.987499999999999822e+00 0.000000000000000000e+00
9.056250000000000355e+00 6.049999999999999822e+00 0.000000000000000000e+00
9.056250000000000355e+00 7.974999999999999645e+00 7.481113283392609725e-01
9.056250000000000355e+00 1.003749999999999964e+01 7.967980927584025208e-01
1.798124999999999929e+01 1.196250000000000036e+01 9.551721508231523217e-01
1.798124999999999929e+01 1.402500000000000036e+01 9.470263461200806310e-01
1.798124999999999929e+01 1.594999999999999929e+01 9.801118927228973376e-01
1.798124999999999929e+01 1.801249999999999929e+01 9.682552433850908358e-01
1.496250000000000036e+01 1.196250000000000036e+01 9.180716282389177474e-01
1.496250000000000036e+01 1.402500000000000036e+01 8.911095227364820293e-01
1.496250000000000036e+01 1.594999999999999929e+01 9.191450915524693732e-01
1.496250000000000036e+01 1.801249999999999929e+01 9.427733067165319225e-01
1.194374999999999964e+01 1.196250000000000036e+01 9.001933015274190542e-01
1.194374999999999964e+01 1.402500000000000036e+01 8.945950098552283292e-01
1.194374999999999964e+01 1.594999999999999929e+01 9.358724427303509730e-01
1.194374999999999964e+01 1.801249999999999929e+01 9.191450915524693732e-01
9.056250000000000355e+00 1.196250000000000036e+01 8.217715598054354809e-01
9.056250000000000355e+00 1.402500000000000036e+01 8.755225963649447829e-01
9.056250000000000355e+00 1.594999999999999929e+01 8.928808409834860793e-01
9.056250000000000355e+00 1.801249999999999929e+01 9.092445389564693947e-01
1.798124999999999929e+01 1.993750000000000000e+01 9.305749544304209309e-01
1.798124999999999929e+01 2.200000000000000000e+01 9.565039154455561299e-01
1.496250000000000036e+01 1.993750000000000000e+01 9.441185589961499369e-01
1.496250000000000036e+01 2.200000000000000000e+01 9.570274135407220717e-01
1.194374999999999964e+01 1.993750000000000000e+01 9.024230535833512867e-01
1.194374999999999964e+01 2.200000000000000000e+01 9.242093623867040364e-01
9.056250000000000355e+00 1.993750000000000000e+01 8.633631848604252923e-01
9.056250000000000355e+00 2.200000000000000000e+01 8.433157968061788523e-01
6.037499999999999645e+00 2.062500000000000000e+00 0.000000000000000000e+00
3.018749999999999822e+00 2.062500000000000000e+00 0.000000000000000000e+00
6.037499999999999645e+00 3.987499999999999822e+00 0.000000000000000000e+00
6.037499999999999645e+00 6.049999999999999822e+00 0.000000000000000000e+00
6.037499999999999645e+00 7.974999999999999645e+00 0.000000000000000000e+00
6.037499999999999645e+00 1.003749999999999964e+01 7.911998011981408174e-01
3.018749999999999822e+00 3.987499999999999822e+00 0.000000000000000000e+00
3.018749999999999822e+00 6.049999999999999822e+00 0.000000000000000000e+00
3.018749999999999822e+00 7.974999999999999645e+00 0.000000000000000000e+00
3.018749999999999822e+00 1.003749999999999964e+01 0.000000000000000000e+00
6.037499999999999645e+00 1.196250000000000036e+01 6.744511034838832630e-01
6.037499999999999645e+00 1.402500000000000036e+01 7.911998011981408174e-01
6.037499999999999645e+00 1.594999999999999929e+01 0.000000000000000000e+00
6.037499999999999645e+00 1.801249999999999929e+01 7.967980927584025208e-01
3.018749999999999822e+00 1.196250000000000036e+01 0.000000000000000000e+00
3.018749999999999822e+00 1.402500000000000036e+01 0.000000000000000000e+00
3.018749999999999822e+00 1.594999999999999929e+01 0.000000000000000000e+00
3.018749999999999822e+00 1.801249999999999929e+01 0.000000000000000000e+00
6.037499999999999645e+00 1.993750000000000000e+01 7.778463031866640343e-01
6.037499999999999645e+00 2.200000000000000000e+01 0.000000000000000000e+00
3.018749999999999822e+00 1.993750000000000000e+01 0.000000000000000000e+00
3.018749999999999822e+00 2.200000000000000000e+01 0.000000000000000000e+00
